{
 "cells": [
  {
   "cell_type": "code",
   "execution_count": 1,
   "metadata": {},
   "outputs": [],
   "source": [
    "import pandas as pd\n",
    "import numpy as np\n",
    "import matplotlib.pyplot as plt\n",
    "import credentials\n",
    "import requests\n",
    "#from pandas import DataFrame\n",
    "#pulling data API\n",
    "key =credentials.login['key_isaham']  # extract password\n",
    "\n",
    "symbol = \"UNISEM\"  # which stock to pull\n",
    "response = requests.get(\"https://admin.isaham.my/api/chart?stock={}&key={}\".format(symbol,key))\n",
    "data = response.json()\n",
    "\n",
    "plt.style.use('fivethirtyeight')\n",
    "\n",
    "%config InlineBackend.figure_format = 'retina'\n",
    "%matplotlib inline\n",
    "\n",
    "# makes plots bigger\n",
    "plt.rcParams[\"figure.figsize\"] = (20,8)"
   ]
  },
  {
   "cell_type": "code",
   "execution_count": 2,
   "metadata": {},
   "outputs": [],
   "source": [
    "#from numpy import asarray\n",
    "#from pandas import read_csv\n",
    "#from pandas import DataFrame\n",
    "#from pandas import concat\n",
    "#from sklearn.metrics import mean_absolute_error\n",
    "#from matplotlib import pyplot"
   ]
  },
  {
   "cell_type": "code",
   "execution_count": 3,
   "metadata": {},
   "outputs": [],
   "source": [
    "ob_cross=85\n",
    "os_cross=40"
   ]
  },
  {
   "cell_type": "code",
   "execution_count": 4,
   "metadata": {},
   "outputs": [],
   "source": [
    "df= pd.DataFrame.from_dict(data)\n",
    "#df_actual = pd.DataFrame.from_dict(data)"
   ]
  },
  {
   "cell_type": "code",
   "execution_count": 5,
   "metadata": {},
   "outputs": [],
   "source": [
    "df= df[['c','d','h','l','o','v']]\n",
    "#df_actual= df_actual[['c','d','h','l','o','v']]"
   ]
  },
  {
   "cell_type": "code",
   "execution_count": 6,
   "metadata": {},
   "outputs": [],
   "source": [
    "df['d'] = pd.to_datetime(df['d'], dayfirst= True )\n",
    "#df_actual['d'] = pd.to_datetime(df_actual['d'], dayfirst= True )"
   ]
  },
  {
   "cell_type": "code",
   "execution_count": 7,
   "metadata": {},
   "outputs": [
    {
     "data": {
      "text/html": [
       "<div>\n",
       "<style scoped>\n",
       "    .dataframe tbody tr th:only-of-type {\n",
       "        vertical-align: middle;\n",
       "    }\n",
       "\n",
       "    .dataframe tbody tr th {\n",
       "        vertical-align: top;\n",
       "    }\n",
       "\n",
       "    .dataframe thead th {\n",
       "        text-align: right;\n",
       "    }\n",
       "</style>\n",
       "<table border=\"1\" class=\"dataframe\">\n",
       "  <thead>\n",
       "    <tr style=\"text-align: right;\">\n",
       "      <th></th>\n",
       "      <th>c</th>\n",
       "      <th>d</th>\n",
       "      <th>h</th>\n",
       "      <th>l</th>\n",
       "      <th>o</th>\n",
       "      <th>v</th>\n",
       "    </tr>\n",
       "  </thead>\n",
       "  <tbody>\n",
       "    <tr>\n",
       "      <th>0</th>\n",
       "      <td>1.2513</td>\n",
       "      <td>1998-07-30</td>\n",
       "      <td>1.2667</td>\n",
       "      <td>1.1744</td>\n",
       "      <td>1.1744</td>\n",
       "      <td>655200.0</td>\n",
       "    </tr>\n",
       "    <tr>\n",
       "      <th>1</th>\n",
       "      <td>1.2615</td>\n",
       "      <td>1998-07-31</td>\n",
       "      <td>1.3205</td>\n",
       "      <td>1.2410</td>\n",
       "      <td>1.2615</td>\n",
       "      <td>526500.0</td>\n",
       "    </tr>\n",
       "    <tr>\n",
       "      <th>2</th>\n",
       "      <td>1.2769</td>\n",
       "      <td>1998-08-03</td>\n",
       "      <td>1.2821</td>\n",
       "      <td>1.2308</td>\n",
       "      <td>1.2308</td>\n",
       "      <td>288600.0</td>\n",
       "    </tr>\n",
       "    <tr>\n",
       "      <th>3</th>\n",
       "      <td>1.2948</td>\n",
       "      <td>1998-08-04</td>\n",
       "      <td>1.3205</td>\n",
       "      <td>1.2769</td>\n",
       "      <td>1.2769</td>\n",
       "      <td>783900.0</td>\n",
       "    </tr>\n",
       "    <tr>\n",
       "      <th>4</th>\n",
       "      <td>1.2948</td>\n",
       "      <td>1998-08-05</td>\n",
       "      <td>1.3077</td>\n",
       "      <td>1.2769</td>\n",
       "      <td>1.3077</td>\n",
       "      <td>89700.0</td>\n",
       "    </tr>\n",
       "    <tr>\n",
       "      <th>...</th>\n",
       "      <td>...</td>\n",
       "      <td>...</td>\n",
       "      <td>...</td>\n",
       "      <td>...</td>\n",
       "      <td>...</td>\n",
       "      <td>...</td>\n",
       "    </tr>\n",
       "    <tr>\n",
       "      <th>5564</th>\n",
       "      <td>7.8600</td>\n",
       "      <td>2021-03-22</td>\n",
       "      <td>7.9300</td>\n",
       "      <td>7.6000</td>\n",
       "      <td>7.6900</td>\n",
       "      <td>938100.0</td>\n",
       "    </tr>\n",
       "    <tr>\n",
       "      <th>5565</th>\n",
       "      <td>8.0500</td>\n",
       "      <td>2021-03-23</td>\n",
       "      <td>8.1500</td>\n",
       "      <td>7.8700</td>\n",
       "      <td>7.9000</td>\n",
       "      <td>2084900.0</td>\n",
       "    </tr>\n",
       "    <tr>\n",
       "      <th>5566</th>\n",
       "      <td>8.0000</td>\n",
       "      <td>2021-03-24</td>\n",
       "      <td>8.0500</td>\n",
       "      <td>7.8900</td>\n",
       "      <td>8.0500</td>\n",
       "      <td>625500.0</td>\n",
       "    </tr>\n",
       "    <tr>\n",
       "      <th>5567</th>\n",
       "      <td>7.7300</td>\n",
       "      <td>2021-03-25</td>\n",
       "      <td>7.9800</td>\n",
       "      <td>7.7000</td>\n",
       "      <td>7.8900</td>\n",
       "      <td>567900.0</td>\n",
       "    </tr>\n",
       "    <tr>\n",
       "      <th>5568</th>\n",
       "      <td>7.7900</td>\n",
       "      <td>2021-03-26</td>\n",
       "      <td>7.8100</td>\n",
       "      <td>7.7300</td>\n",
       "      <td>7.7800</td>\n",
       "      <td>215200.0</td>\n",
       "    </tr>\n",
       "  </tbody>\n",
       "</table>\n",
       "<p>5569 rows × 6 columns</p>\n",
       "</div>"
      ],
      "text/plain": [
       "           c          d       h       l       o          v\n",
       "0     1.2513 1998-07-30  1.2667  1.1744  1.1744   655200.0\n",
       "1     1.2615 1998-07-31  1.3205  1.2410  1.2615   526500.0\n",
       "2     1.2769 1998-08-03  1.2821  1.2308  1.2308   288600.0\n",
       "3     1.2948 1998-08-04  1.3205  1.2769  1.2769   783900.0\n",
       "4     1.2948 1998-08-05  1.3077  1.2769  1.3077    89700.0\n",
       "...      ...        ...     ...     ...     ...        ...\n",
       "5564  7.8600 2021-03-22  7.9300  7.6000  7.6900   938100.0\n",
       "5565  8.0500 2021-03-23  8.1500  7.8700  7.9000  2084900.0\n",
       "5566  8.0000 2021-03-24  8.0500  7.8900  8.0500   625500.0\n",
       "5567  7.7300 2021-03-25  7.9800  7.7000  7.8900   567900.0\n",
       "5568  7.7900 2021-03-26  7.8100  7.7300  7.7800   215200.0\n",
       "\n",
       "[5569 rows x 6 columns]"
      ]
     },
     "execution_count": 7,
     "metadata": {},
     "output_type": "execute_result"
    }
   ],
   "source": [
    "df"
   ]
  },
  {
   "cell_type": "code",
   "execution_count": 8,
   "metadata": {},
   "outputs": [],
   "source": [
    "#identify MA50\n",
    "n=50\n",
    "ma50=[] \n",
    "\n",
    "for i in range(len(df[\"c\"])-(n-1)):\n",
    "    ma = round(sum(df[\"c\"][i:i+(n)])/n,4)\n",
    "    #print(ma)\n",
    "    ma50.append(ma)\n",
    "    \n",
    "df[\"MA50\"] = pd.Series(ma50)\n",
    "df[\"MA50\"] = df[\"MA50\"].shift(n-1)\n",
    "#df[\"MA50\"]"
   ]
  },
  {
   "cell_type": "code",
   "execution_count": 9,
   "metadata": {},
   "outputs": [],
   "source": [
    "#filter uptrend price above ma50\n",
    "# Calculating the gap of both MA\n",
    "df[\"MAgap\"] = df[\"c\"] -  df[\"MA50\"] "
   ]
  },
  {
   "cell_type": "code",
   "execution_count": 10,
   "metadata": {},
   "outputs": [
    {
     "data": {
      "text/html": [
       "<div>\n",
       "<style scoped>\n",
       "    .dataframe tbody tr th:only-of-type {\n",
       "        vertical-align: middle;\n",
       "    }\n",
       "\n",
       "    .dataframe tbody tr th {\n",
       "        vertical-align: top;\n",
       "    }\n",
       "\n",
       "    .dataframe thead th {\n",
       "        text-align: right;\n",
       "    }\n",
       "</style>\n",
       "<table border=\"1\" class=\"dataframe\">\n",
       "  <thead>\n",
       "    <tr style=\"text-align: right;\">\n",
       "      <th></th>\n",
       "      <th>c</th>\n",
       "      <th>d</th>\n",
       "      <th>h</th>\n",
       "      <th>l</th>\n",
       "      <th>o</th>\n",
       "      <th>v</th>\n",
       "      <th>MA50</th>\n",
       "      <th>MAgap</th>\n",
       "    </tr>\n",
       "  </thead>\n",
       "  <tbody>\n",
       "    <tr>\n",
       "      <th>0</th>\n",
       "      <td>1.2513</td>\n",
       "      <td>1998-07-30</td>\n",
       "      <td>1.2667</td>\n",
       "      <td>1.1744</td>\n",
       "      <td>1.1744</td>\n",
       "      <td>655200.0</td>\n",
       "      <td>NaN</td>\n",
       "      <td>NaN</td>\n",
       "    </tr>\n",
       "    <tr>\n",
       "      <th>1</th>\n",
       "      <td>1.2615</td>\n",
       "      <td>1998-07-31</td>\n",
       "      <td>1.3205</td>\n",
       "      <td>1.2410</td>\n",
       "      <td>1.2615</td>\n",
       "      <td>526500.0</td>\n",
       "      <td>NaN</td>\n",
       "      <td>NaN</td>\n",
       "    </tr>\n",
       "    <tr>\n",
       "      <th>2</th>\n",
       "      <td>1.2769</td>\n",
       "      <td>1998-08-03</td>\n",
       "      <td>1.2821</td>\n",
       "      <td>1.2308</td>\n",
       "      <td>1.2308</td>\n",
       "      <td>288600.0</td>\n",
       "      <td>NaN</td>\n",
       "      <td>NaN</td>\n",
       "    </tr>\n",
       "    <tr>\n",
       "      <th>3</th>\n",
       "      <td>1.2948</td>\n",
       "      <td>1998-08-04</td>\n",
       "      <td>1.3205</td>\n",
       "      <td>1.2769</td>\n",
       "      <td>1.2769</td>\n",
       "      <td>783900.0</td>\n",
       "      <td>NaN</td>\n",
       "      <td>NaN</td>\n",
       "    </tr>\n",
       "    <tr>\n",
       "      <th>4</th>\n",
       "      <td>1.2948</td>\n",
       "      <td>1998-08-05</td>\n",
       "      <td>1.3077</td>\n",
       "      <td>1.2769</td>\n",
       "      <td>1.3077</td>\n",
       "      <td>89700.0</td>\n",
       "      <td>NaN</td>\n",
       "      <td>NaN</td>\n",
       "    </tr>\n",
       "    <tr>\n",
       "      <th>...</th>\n",
       "      <td>...</td>\n",
       "      <td>...</td>\n",
       "      <td>...</td>\n",
       "      <td>...</td>\n",
       "      <td>...</td>\n",
       "      <td>...</td>\n",
       "      <td>...</td>\n",
       "      <td>...</td>\n",
       "    </tr>\n",
       "    <tr>\n",
       "      <th>5564</th>\n",
       "      <td>7.8600</td>\n",
       "      <td>2021-03-22</td>\n",
       "      <td>7.9300</td>\n",
       "      <td>7.6000</td>\n",
       "      <td>7.6900</td>\n",
       "      <td>938100.0</td>\n",
       "      <td>8.0252</td>\n",
       "      <td>-0.1652</td>\n",
       "    </tr>\n",
       "    <tr>\n",
       "      <th>5565</th>\n",
       "      <td>8.0500</td>\n",
       "      <td>2021-03-23</td>\n",
       "      <td>8.1500</td>\n",
       "      <td>7.8700</td>\n",
       "      <td>7.9000</td>\n",
       "      <td>2084900.0</td>\n",
       "      <td>8.0636</td>\n",
       "      <td>-0.0136</td>\n",
       "    </tr>\n",
       "    <tr>\n",
       "      <th>5566</th>\n",
       "      <td>8.0000</td>\n",
       "      <td>2021-03-24</td>\n",
       "      <td>8.0500</td>\n",
       "      <td>7.8900</td>\n",
       "      <td>8.0500</td>\n",
       "      <td>625500.0</td>\n",
       "      <td>8.1016</td>\n",
       "      <td>-0.1016</td>\n",
       "    </tr>\n",
       "    <tr>\n",
       "      <th>5567</th>\n",
       "      <td>7.7300</td>\n",
       "      <td>2021-03-25</td>\n",
       "      <td>7.9800</td>\n",
       "      <td>7.7000</td>\n",
       "      <td>7.8900</td>\n",
       "      <td>567900.0</td>\n",
       "      <td>8.1318</td>\n",
       "      <td>-0.4018</td>\n",
       "    </tr>\n",
       "    <tr>\n",
       "      <th>5568</th>\n",
       "      <td>7.7900</td>\n",
       "      <td>2021-03-26</td>\n",
       "      <td>7.8100</td>\n",
       "      <td>7.7300</td>\n",
       "      <td>7.7800</td>\n",
       "      <td>215200.0</td>\n",
       "      <td>8.1620</td>\n",
       "      <td>-0.3720</td>\n",
       "    </tr>\n",
       "  </tbody>\n",
       "</table>\n",
       "<p>5569 rows × 8 columns</p>\n",
       "</div>"
      ],
      "text/plain": [
       "           c          d       h       l       o          v    MA50   MAgap\n",
       "0     1.2513 1998-07-30  1.2667  1.1744  1.1744   655200.0     NaN     NaN\n",
       "1     1.2615 1998-07-31  1.3205  1.2410  1.2615   526500.0     NaN     NaN\n",
       "2     1.2769 1998-08-03  1.2821  1.2308  1.2308   288600.0     NaN     NaN\n",
       "3     1.2948 1998-08-04  1.3205  1.2769  1.2769   783900.0     NaN     NaN\n",
       "4     1.2948 1998-08-05  1.3077  1.2769  1.3077    89700.0     NaN     NaN\n",
       "...      ...        ...     ...     ...     ...        ...     ...     ...\n",
       "5564  7.8600 2021-03-22  7.9300  7.6000  7.6900   938100.0  8.0252 -0.1652\n",
       "5565  8.0500 2021-03-23  8.1500  7.8700  7.9000  2084900.0  8.0636 -0.0136\n",
       "5566  8.0000 2021-03-24  8.0500  7.8900  8.0500   625500.0  8.1016 -0.1016\n",
       "5567  7.7300 2021-03-25  7.9800  7.7000  7.8900   567900.0  8.1318 -0.4018\n",
       "5568  7.7900 2021-03-26  7.8100  7.7300  7.7800   215200.0  8.1620 -0.3720\n",
       "\n",
       "[5569 rows x 8 columns]"
      ]
     },
     "execution_count": 10,
     "metadata": {},
     "output_type": "execute_result"
    }
   ],
   "source": [
    "df"
   ]
  },
  {
   "cell_type": "code",
   "execution_count": 11,
   "metadata": {},
   "outputs": [],
   "source": [
    "#df=df[df['MAgap']>0]"
   ]
  },
  {
   "cell_type": "code",
   "execution_count": 12,
   "metadata": {},
   "outputs": [],
   "source": [
    "#date_os=list(oversold[oversold == True].index)"
   ]
  },
  {
   "cell_type": "code",
   "execution_count": 13,
   "metadata": {},
   "outputs": [],
   "source": [
    "df.set_index('d',inplace=True,drop=True)"
   ]
  },
  {
   "cell_type": "code",
   "execution_count": 14,
   "metadata": {},
   "outputs": [
    {
     "data": {
      "text/html": [
       "<div>\n",
       "<style scoped>\n",
       "    .dataframe tbody tr th:only-of-type {\n",
       "        vertical-align: middle;\n",
       "    }\n",
       "\n",
       "    .dataframe tbody tr th {\n",
       "        vertical-align: top;\n",
       "    }\n",
       "\n",
       "    .dataframe thead th {\n",
       "        text-align: right;\n",
       "    }\n",
       "</style>\n",
       "<table border=\"1\" class=\"dataframe\">\n",
       "  <thead>\n",
       "    <tr style=\"text-align: right;\">\n",
       "      <th></th>\n",
       "      <th>c</th>\n",
       "      <th>h</th>\n",
       "      <th>l</th>\n",
       "      <th>o</th>\n",
       "      <th>v</th>\n",
       "      <th>MA50</th>\n",
       "      <th>MAgap</th>\n",
       "    </tr>\n",
       "    <tr>\n",
       "      <th>d</th>\n",
       "      <th></th>\n",
       "      <th></th>\n",
       "      <th></th>\n",
       "      <th></th>\n",
       "      <th></th>\n",
       "      <th></th>\n",
       "      <th></th>\n",
       "    </tr>\n",
       "  </thead>\n",
       "  <tbody>\n",
       "    <tr>\n",
       "      <th>1998-07-30</th>\n",
       "      <td>1.2513</td>\n",
       "      <td>1.2667</td>\n",
       "      <td>1.1744</td>\n",
       "      <td>1.1744</td>\n",
       "      <td>655200.0</td>\n",
       "      <td>NaN</td>\n",
       "      <td>NaN</td>\n",
       "    </tr>\n",
       "    <tr>\n",
       "      <th>1998-07-31</th>\n",
       "      <td>1.2615</td>\n",
       "      <td>1.3205</td>\n",
       "      <td>1.2410</td>\n",
       "      <td>1.2615</td>\n",
       "      <td>526500.0</td>\n",
       "      <td>NaN</td>\n",
       "      <td>NaN</td>\n",
       "    </tr>\n",
       "    <tr>\n",
       "      <th>1998-08-03</th>\n",
       "      <td>1.2769</td>\n",
       "      <td>1.2821</td>\n",
       "      <td>1.2308</td>\n",
       "      <td>1.2308</td>\n",
       "      <td>288600.0</td>\n",
       "      <td>NaN</td>\n",
       "      <td>NaN</td>\n",
       "    </tr>\n",
       "    <tr>\n",
       "      <th>1998-08-04</th>\n",
       "      <td>1.2948</td>\n",
       "      <td>1.3205</td>\n",
       "      <td>1.2769</td>\n",
       "      <td>1.2769</td>\n",
       "      <td>783900.0</td>\n",
       "      <td>NaN</td>\n",
       "      <td>NaN</td>\n",
       "    </tr>\n",
       "    <tr>\n",
       "      <th>1998-08-05</th>\n",
       "      <td>1.2948</td>\n",
       "      <td>1.3077</td>\n",
       "      <td>1.2769</td>\n",
       "      <td>1.3077</td>\n",
       "      <td>89700.0</td>\n",
       "      <td>NaN</td>\n",
       "      <td>NaN</td>\n",
       "    </tr>\n",
       "    <tr>\n",
       "      <th>...</th>\n",
       "      <td>...</td>\n",
       "      <td>...</td>\n",
       "      <td>...</td>\n",
       "      <td>...</td>\n",
       "      <td>...</td>\n",
       "      <td>...</td>\n",
       "      <td>...</td>\n",
       "    </tr>\n",
       "    <tr>\n",
       "      <th>2021-03-22</th>\n",
       "      <td>7.8600</td>\n",
       "      <td>7.9300</td>\n",
       "      <td>7.6000</td>\n",
       "      <td>7.6900</td>\n",
       "      <td>938100.0</td>\n",
       "      <td>8.0252</td>\n",
       "      <td>-0.1652</td>\n",
       "    </tr>\n",
       "    <tr>\n",
       "      <th>2021-03-23</th>\n",
       "      <td>8.0500</td>\n",
       "      <td>8.1500</td>\n",
       "      <td>7.8700</td>\n",
       "      <td>7.9000</td>\n",
       "      <td>2084900.0</td>\n",
       "      <td>8.0636</td>\n",
       "      <td>-0.0136</td>\n",
       "    </tr>\n",
       "    <tr>\n",
       "      <th>2021-03-24</th>\n",
       "      <td>8.0000</td>\n",
       "      <td>8.0500</td>\n",
       "      <td>7.8900</td>\n",
       "      <td>8.0500</td>\n",
       "      <td>625500.0</td>\n",
       "      <td>8.1016</td>\n",
       "      <td>-0.1016</td>\n",
       "    </tr>\n",
       "    <tr>\n",
       "      <th>2021-03-25</th>\n",
       "      <td>7.7300</td>\n",
       "      <td>7.9800</td>\n",
       "      <td>7.7000</td>\n",
       "      <td>7.8900</td>\n",
       "      <td>567900.0</td>\n",
       "      <td>8.1318</td>\n",
       "      <td>-0.4018</td>\n",
       "    </tr>\n",
       "    <tr>\n",
       "      <th>2021-03-26</th>\n",
       "      <td>7.7900</td>\n",
       "      <td>7.8100</td>\n",
       "      <td>7.7300</td>\n",
       "      <td>7.7800</td>\n",
       "      <td>215200.0</td>\n",
       "      <td>8.1620</td>\n",
       "      <td>-0.3720</td>\n",
       "    </tr>\n",
       "  </tbody>\n",
       "</table>\n",
       "<p>5569 rows × 7 columns</p>\n",
       "</div>"
      ],
      "text/plain": [
       "                 c       h       l       o          v    MA50   MAgap\n",
       "d                                                                    \n",
       "1998-07-30  1.2513  1.2667  1.1744  1.1744   655200.0     NaN     NaN\n",
       "1998-07-31  1.2615  1.3205  1.2410  1.2615   526500.0     NaN     NaN\n",
       "1998-08-03  1.2769  1.2821  1.2308  1.2308   288600.0     NaN     NaN\n",
       "1998-08-04  1.2948  1.3205  1.2769  1.2769   783900.0     NaN     NaN\n",
       "1998-08-05  1.2948  1.3077  1.2769  1.3077    89700.0     NaN     NaN\n",
       "...            ...     ...     ...     ...        ...     ...     ...\n",
       "2021-03-22  7.8600  7.9300  7.6000  7.6900   938100.0  8.0252 -0.1652\n",
       "2021-03-23  8.0500  8.1500  7.8700  7.9000  2084900.0  8.0636 -0.0136\n",
       "2021-03-24  8.0000  8.0500  7.8900  8.0500   625500.0  8.1016 -0.1016\n",
       "2021-03-25  7.7300  7.9800  7.7000  7.8900   567900.0  8.1318 -0.4018\n",
       "2021-03-26  7.7900  7.8100  7.7300  7.7800   215200.0  8.1620 -0.3720\n",
       "\n",
       "[5569 rows x 7 columns]"
      ]
     },
     "execution_count": 14,
     "metadata": {},
     "output_type": "execute_result"
    }
   ],
   "source": [
    "df"
   ]
  },
  {
   "cell_type": "code",
   "execution_count": 15,
   "metadata": {},
   "outputs": [],
   "source": [
    "df.index.name = None"
   ]
  },
  {
   "cell_type": "code",
   "execution_count": 16,
   "metadata": {},
   "outputs": [
    {
     "data": {
      "text/html": [
       "<div>\n",
       "<style scoped>\n",
       "    .dataframe tbody tr th:only-of-type {\n",
       "        vertical-align: middle;\n",
       "    }\n",
       "\n",
       "    .dataframe tbody tr th {\n",
       "        vertical-align: top;\n",
       "    }\n",
       "\n",
       "    .dataframe thead th {\n",
       "        text-align: right;\n",
       "    }\n",
       "</style>\n",
       "<table border=\"1\" class=\"dataframe\">\n",
       "  <thead>\n",
       "    <tr style=\"text-align: right;\">\n",
       "      <th></th>\n",
       "      <th>c</th>\n",
       "      <th>h</th>\n",
       "      <th>l</th>\n",
       "      <th>o</th>\n",
       "      <th>v</th>\n",
       "      <th>MA50</th>\n",
       "      <th>MAgap</th>\n",
       "    </tr>\n",
       "  </thead>\n",
       "  <tbody>\n",
       "    <tr>\n",
       "      <th>1998-07-30</th>\n",
       "      <td>1.2513</td>\n",
       "      <td>1.2667</td>\n",
       "      <td>1.1744</td>\n",
       "      <td>1.1744</td>\n",
       "      <td>655200.0</td>\n",
       "      <td>NaN</td>\n",
       "      <td>NaN</td>\n",
       "    </tr>\n",
       "    <tr>\n",
       "      <th>1998-07-31</th>\n",
       "      <td>1.2615</td>\n",
       "      <td>1.3205</td>\n",
       "      <td>1.2410</td>\n",
       "      <td>1.2615</td>\n",
       "      <td>526500.0</td>\n",
       "      <td>NaN</td>\n",
       "      <td>NaN</td>\n",
       "    </tr>\n",
       "    <tr>\n",
       "      <th>1998-08-03</th>\n",
       "      <td>1.2769</td>\n",
       "      <td>1.2821</td>\n",
       "      <td>1.2308</td>\n",
       "      <td>1.2308</td>\n",
       "      <td>288600.0</td>\n",
       "      <td>NaN</td>\n",
       "      <td>NaN</td>\n",
       "    </tr>\n",
       "    <tr>\n",
       "      <th>1998-08-04</th>\n",
       "      <td>1.2948</td>\n",
       "      <td>1.3205</td>\n",
       "      <td>1.2769</td>\n",
       "      <td>1.2769</td>\n",
       "      <td>783900.0</td>\n",
       "      <td>NaN</td>\n",
       "      <td>NaN</td>\n",
       "    </tr>\n",
       "    <tr>\n",
       "      <th>1998-08-05</th>\n",
       "      <td>1.2948</td>\n",
       "      <td>1.3077</td>\n",
       "      <td>1.2769</td>\n",
       "      <td>1.3077</td>\n",
       "      <td>89700.0</td>\n",
       "      <td>NaN</td>\n",
       "      <td>NaN</td>\n",
       "    </tr>\n",
       "    <tr>\n",
       "      <th>...</th>\n",
       "      <td>...</td>\n",
       "      <td>...</td>\n",
       "      <td>...</td>\n",
       "      <td>...</td>\n",
       "      <td>...</td>\n",
       "      <td>...</td>\n",
       "      <td>...</td>\n",
       "    </tr>\n",
       "    <tr>\n",
       "      <th>2021-03-22</th>\n",
       "      <td>7.8600</td>\n",
       "      <td>7.9300</td>\n",
       "      <td>7.6000</td>\n",
       "      <td>7.6900</td>\n",
       "      <td>938100.0</td>\n",
       "      <td>8.0252</td>\n",
       "      <td>-0.1652</td>\n",
       "    </tr>\n",
       "    <tr>\n",
       "      <th>2021-03-23</th>\n",
       "      <td>8.0500</td>\n",
       "      <td>8.1500</td>\n",
       "      <td>7.8700</td>\n",
       "      <td>7.9000</td>\n",
       "      <td>2084900.0</td>\n",
       "      <td>8.0636</td>\n",
       "      <td>-0.0136</td>\n",
       "    </tr>\n",
       "    <tr>\n",
       "      <th>2021-03-24</th>\n",
       "      <td>8.0000</td>\n",
       "      <td>8.0500</td>\n",
       "      <td>7.8900</td>\n",
       "      <td>8.0500</td>\n",
       "      <td>625500.0</td>\n",
       "      <td>8.1016</td>\n",
       "      <td>-0.1016</td>\n",
       "    </tr>\n",
       "    <tr>\n",
       "      <th>2021-03-25</th>\n",
       "      <td>7.7300</td>\n",
       "      <td>7.9800</td>\n",
       "      <td>7.7000</td>\n",
       "      <td>7.8900</td>\n",
       "      <td>567900.0</td>\n",
       "      <td>8.1318</td>\n",
       "      <td>-0.4018</td>\n",
       "    </tr>\n",
       "    <tr>\n",
       "      <th>2021-03-26</th>\n",
       "      <td>7.7900</td>\n",
       "      <td>7.8100</td>\n",
       "      <td>7.7300</td>\n",
       "      <td>7.7800</td>\n",
       "      <td>215200.0</td>\n",
       "      <td>8.1620</td>\n",
       "      <td>-0.3720</td>\n",
       "    </tr>\n",
       "  </tbody>\n",
       "</table>\n",
       "<p>5569 rows × 7 columns</p>\n",
       "</div>"
      ],
      "text/plain": [
       "                 c       h       l       o          v    MA50   MAgap\n",
       "1998-07-30  1.2513  1.2667  1.1744  1.1744   655200.0     NaN     NaN\n",
       "1998-07-31  1.2615  1.3205  1.2410  1.2615   526500.0     NaN     NaN\n",
       "1998-08-03  1.2769  1.2821  1.2308  1.2308   288600.0     NaN     NaN\n",
       "1998-08-04  1.2948  1.3205  1.2769  1.2769   783900.0     NaN     NaN\n",
       "1998-08-05  1.2948  1.3077  1.2769  1.3077    89700.0     NaN     NaN\n",
       "...            ...     ...     ...     ...        ...     ...     ...\n",
       "2021-03-22  7.8600  7.9300  7.6000  7.6900   938100.0  8.0252 -0.1652\n",
       "2021-03-23  8.0500  8.1500  7.8700  7.9000  2084900.0  8.0636 -0.0136\n",
       "2021-03-24  8.0000  8.0500  7.8900  8.0500   625500.0  8.1016 -0.1016\n",
       "2021-03-25  7.7300  7.9800  7.7000  7.8900   567900.0  8.1318 -0.4018\n",
       "2021-03-26  7.7900  7.8100  7.7300  7.7800   215200.0  8.1620 -0.3720\n",
       "\n",
       "[5569 rows x 7 columns]"
      ]
     },
     "execution_count": 16,
     "metadata": {},
     "output_type": "execute_result"
    }
   ],
   "source": [
    "df"
   ]
  },
  {
   "cell_type": "code",
   "execution_count": 17,
   "metadata": {},
   "outputs": [],
   "source": [
    "#create signal for uptrend price above ma50 \n",
    "#result not accurate for stochastic when just filter uptrend only\n",
    "df[\"Uptrend\"]=df['MAgap']>0\n",
    "Uptrend=df[\"Uptrend\"]\n",
    "Uptrend_signal=Uptrend[Uptrend==True]"
   ]
  },
  {
   "cell_type": "code",
   "execution_count": 18,
   "metadata": {},
   "outputs": [
    {
     "data": {
      "text/plain": [
       "1998-10-12    True\n",
       "1998-10-13    True\n",
       "1998-10-14    True\n",
       "1998-10-15    True\n",
       "1998-10-16    True\n",
       "              ... \n",
       "2021-03-01    True\n",
       "2021-03-02    True\n",
       "2021-03-03    True\n",
       "2021-03-04    True\n",
       "2021-03-05    True\n",
       "Name: Uptrend, Length: 2735, dtype: bool"
      ]
     },
     "execution_count": 18,
     "metadata": {},
     "output_type": "execute_result"
    }
   ],
   "source": [
    "Uptrend_signal"
   ]
  },
  {
   "cell_type": "code",
   "execution_count": 19,
   "metadata": {},
   "outputs": [
    {
     "data": {
      "text/html": [
       "<div>\n",
       "<style scoped>\n",
       "    .dataframe tbody tr th:only-of-type {\n",
       "        vertical-align: middle;\n",
       "    }\n",
       "\n",
       "    .dataframe tbody tr th {\n",
       "        vertical-align: top;\n",
       "    }\n",
       "\n",
       "    .dataframe thead th {\n",
       "        text-align: right;\n",
       "    }\n",
       "</style>\n",
       "<table border=\"1\" class=\"dataframe\">\n",
       "  <thead>\n",
       "    <tr style=\"text-align: right;\">\n",
       "      <th></th>\n",
       "      <th>c</th>\n",
       "      <th>h</th>\n",
       "      <th>l</th>\n",
       "      <th>o</th>\n",
       "      <th>v</th>\n",
       "      <th>MA50</th>\n",
       "      <th>MAgap</th>\n",
       "      <th>Uptrend</th>\n",
       "    </tr>\n",
       "  </thead>\n",
       "  <tbody>\n",
       "    <tr>\n",
       "      <th>1998-07-30</th>\n",
       "      <td>1.2513</td>\n",
       "      <td>1.2667</td>\n",
       "      <td>1.1744</td>\n",
       "      <td>1.1744</td>\n",
       "      <td>655200.0</td>\n",
       "      <td>NaN</td>\n",
       "      <td>NaN</td>\n",
       "      <td>False</td>\n",
       "    </tr>\n",
       "    <tr>\n",
       "      <th>1998-07-31</th>\n",
       "      <td>1.2615</td>\n",
       "      <td>1.3205</td>\n",
       "      <td>1.2410</td>\n",
       "      <td>1.2615</td>\n",
       "      <td>526500.0</td>\n",
       "      <td>NaN</td>\n",
       "      <td>NaN</td>\n",
       "      <td>False</td>\n",
       "    </tr>\n",
       "    <tr>\n",
       "      <th>1998-08-03</th>\n",
       "      <td>1.2769</td>\n",
       "      <td>1.2821</td>\n",
       "      <td>1.2308</td>\n",
       "      <td>1.2308</td>\n",
       "      <td>288600.0</td>\n",
       "      <td>NaN</td>\n",
       "      <td>NaN</td>\n",
       "      <td>False</td>\n",
       "    </tr>\n",
       "    <tr>\n",
       "      <th>1998-08-04</th>\n",
       "      <td>1.2948</td>\n",
       "      <td>1.3205</td>\n",
       "      <td>1.2769</td>\n",
       "      <td>1.2769</td>\n",
       "      <td>783900.0</td>\n",
       "      <td>NaN</td>\n",
       "      <td>NaN</td>\n",
       "      <td>False</td>\n",
       "    </tr>\n",
       "    <tr>\n",
       "      <th>1998-08-05</th>\n",
       "      <td>1.2948</td>\n",
       "      <td>1.3077</td>\n",
       "      <td>1.2769</td>\n",
       "      <td>1.3077</td>\n",
       "      <td>89700.0</td>\n",
       "      <td>NaN</td>\n",
       "      <td>NaN</td>\n",
       "      <td>False</td>\n",
       "    </tr>\n",
       "    <tr>\n",
       "      <th>...</th>\n",
       "      <td>...</td>\n",
       "      <td>...</td>\n",
       "      <td>...</td>\n",
       "      <td>...</td>\n",
       "      <td>...</td>\n",
       "      <td>...</td>\n",
       "      <td>...</td>\n",
       "      <td>...</td>\n",
       "    </tr>\n",
       "    <tr>\n",
       "      <th>2021-03-22</th>\n",
       "      <td>7.8600</td>\n",
       "      <td>7.9300</td>\n",
       "      <td>7.6000</td>\n",
       "      <td>7.6900</td>\n",
       "      <td>938100.0</td>\n",
       "      <td>8.0252</td>\n",
       "      <td>-0.1652</td>\n",
       "      <td>False</td>\n",
       "    </tr>\n",
       "    <tr>\n",
       "      <th>2021-03-23</th>\n",
       "      <td>8.0500</td>\n",
       "      <td>8.1500</td>\n",
       "      <td>7.8700</td>\n",
       "      <td>7.9000</td>\n",
       "      <td>2084900.0</td>\n",
       "      <td>8.0636</td>\n",
       "      <td>-0.0136</td>\n",
       "      <td>False</td>\n",
       "    </tr>\n",
       "    <tr>\n",
       "      <th>2021-03-24</th>\n",
       "      <td>8.0000</td>\n",
       "      <td>8.0500</td>\n",
       "      <td>7.8900</td>\n",
       "      <td>8.0500</td>\n",
       "      <td>625500.0</td>\n",
       "      <td>8.1016</td>\n",
       "      <td>-0.1016</td>\n",
       "      <td>False</td>\n",
       "    </tr>\n",
       "    <tr>\n",
       "      <th>2021-03-25</th>\n",
       "      <td>7.7300</td>\n",
       "      <td>7.9800</td>\n",
       "      <td>7.7000</td>\n",
       "      <td>7.8900</td>\n",
       "      <td>567900.0</td>\n",
       "      <td>8.1318</td>\n",
       "      <td>-0.4018</td>\n",
       "      <td>False</td>\n",
       "    </tr>\n",
       "    <tr>\n",
       "      <th>2021-03-26</th>\n",
       "      <td>7.7900</td>\n",
       "      <td>7.8100</td>\n",
       "      <td>7.7300</td>\n",
       "      <td>7.7800</td>\n",
       "      <td>215200.0</td>\n",
       "      <td>8.1620</td>\n",
       "      <td>-0.3720</td>\n",
       "      <td>False</td>\n",
       "    </tr>\n",
       "  </tbody>\n",
       "</table>\n",
       "<p>5569 rows × 8 columns</p>\n",
       "</div>"
      ],
      "text/plain": [
       "                 c       h       l       o          v    MA50   MAgap  Uptrend\n",
       "1998-07-30  1.2513  1.2667  1.1744  1.1744   655200.0     NaN     NaN    False\n",
       "1998-07-31  1.2615  1.3205  1.2410  1.2615   526500.0     NaN     NaN    False\n",
       "1998-08-03  1.2769  1.2821  1.2308  1.2308   288600.0     NaN     NaN    False\n",
       "1998-08-04  1.2948  1.3205  1.2769  1.2769   783900.0     NaN     NaN    False\n",
       "1998-08-05  1.2948  1.3077  1.2769  1.3077    89700.0     NaN     NaN    False\n",
       "...            ...     ...     ...     ...        ...     ...     ...      ...\n",
       "2021-03-22  7.8600  7.9300  7.6000  7.6900   938100.0  8.0252 -0.1652    False\n",
       "2021-03-23  8.0500  8.1500  7.8700  7.9000  2084900.0  8.0636 -0.0136    False\n",
       "2021-03-24  8.0000  8.0500  7.8900  8.0500   625500.0  8.1016 -0.1016    False\n",
       "2021-03-25  7.7300  7.9800  7.7000  7.8900   567900.0  8.1318 -0.4018    False\n",
       "2021-03-26  7.7900  7.8100  7.7300  7.7800   215200.0  8.1620 -0.3720    False\n",
       "\n",
       "[5569 rows x 8 columns]"
      ]
     },
     "execution_count": 19,
     "metadata": {},
     "output_type": "execute_result"
    }
   ],
   "source": [
    "df"
   ]
  },
  {
   "cell_type": "code",
   "execution_count": 20,
   "metadata": {},
   "outputs": [],
   "source": [
    "#Create the \"L14\" column in the DataFrame\n",
    "df['L14'] = df['l'].rolling(window=14).min()"
   ]
  },
  {
   "cell_type": "code",
   "execution_count": 21,
   "metadata": {},
   "outputs": [],
   "source": [
    "#Create the \"H14\" column in the DataFrame\n",
    "df['H14'] = df['h'].rolling(window=14).max()"
   ]
  },
  {
   "cell_type": "code",
   "execution_count": 22,
   "metadata": {},
   "outputs": [],
   "source": [
    "#Create the \"%K\" column in the DataFrame\n",
    "df['%K'] = 100*((df['c'] - df['L14']) / (df['H14'] - df['L14']) )"
   ]
  },
  {
   "cell_type": "code",
   "execution_count": 23,
   "metadata": {},
   "outputs": [],
   "source": [
    "#Create the \"%D\" column in the DataFrame\n",
    "df['%D'] = df['%K'].rolling(window=3).mean()"
   ]
  },
  {
   "cell_type": "code",
   "execution_count": 24,
   "metadata": {},
   "outputs": [
    {
     "data": {
      "text/html": [
       "<div>\n",
       "<style scoped>\n",
       "    .dataframe tbody tr th:only-of-type {\n",
       "        vertical-align: middle;\n",
       "    }\n",
       "\n",
       "    .dataframe tbody tr th {\n",
       "        vertical-align: top;\n",
       "    }\n",
       "\n",
       "    .dataframe thead th {\n",
       "        text-align: right;\n",
       "    }\n",
       "</style>\n",
       "<table border=\"1\" class=\"dataframe\">\n",
       "  <thead>\n",
       "    <tr style=\"text-align: right;\">\n",
       "      <th></th>\n",
       "      <th>c</th>\n",
       "      <th>h</th>\n",
       "      <th>l</th>\n",
       "      <th>o</th>\n",
       "      <th>v</th>\n",
       "      <th>MA50</th>\n",
       "      <th>MAgap</th>\n",
       "      <th>Uptrend</th>\n",
       "      <th>L14</th>\n",
       "      <th>H14</th>\n",
       "      <th>%K</th>\n",
       "      <th>%D</th>\n",
       "    </tr>\n",
       "  </thead>\n",
       "  <tbody>\n",
       "    <tr>\n",
       "      <th>1998-07-30</th>\n",
       "      <td>1.2513</td>\n",
       "      <td>1.2667</td>\n",
       "      <td>1.1744</td>\n",
       "      <td>1.1744</td>\n",
       "      <td>655200.0</td>\n",
       "      <td>NaN</td>\n",
       "      <td>NaN</td>\n",
       "      <td>False</td>\n",
       "      <td>NaN</td>\n",
       "      <td>NaN</td>\n",
       "      <td>NaN</td>\n",
       "      <td>NaN</td>\n",
       "    </tr>\n",
       "    <tr>\n",
       "      <th>1998-07-31</th>\n",
       "      <td>1.2615</td>\n",
       "      <td>1.3205</td>\n",
       "      <td>1.2410</td>\n",
       "      <td>1.2615</td>\n",
       "      <td>526500.0</td>\n",
       "      <td>NaN</td>\n",
       "      <td>NaN</td>\n",
       "      <td>False</td>\n",
       "      <td>NaN</td>\n",
       "      <td>NaN</td>\n",
       "      <td>NaN</td>\n",
       "      <td>NaN</td>\n",
       "    </tr>\n",
       "    <tr>\n",
       "      <th>1998-08-03</th>\n",
       "      <td>1.2769</td>\n",
       "      <td>1.2821</td>\n",
       "      <td>1.2308</td>\n",
       "      <td>1.2308</td>\n",
       "      <td>288600.0</td>\n",
       "      <td>NaN</td>\n",
       "      <td>NaN</td>\n",
       "      <td>False</td>\n",
       "      <td>NaN</td>\n",
       "      <td>NaN</td>\n",
       "      <td>NaN</td>\n",
       "      <td>NaN</td>\n",
       "    </tr>\n",
       "    <tr>\n",
       "      <th>1998-08-04</th>\n",
       "      <td>1.2948</td>\n",
       "      <td>1.3205</td>\n",
       "      <td>1.2769</td>\n",
       "      <td>1.2769</td>\n",
       "      <td>783900.0</td>\n",
       "      <td>NaN</td>\n",
       "      <td>NaN</td>\n",
       "      <td>False</td>\n",
       "      <td>NaN</td>\n",
       "      <td>NaN</td>\n",
       "      <td>NaN</td>\n",
       "      <td>NaN</td>\n",
       "    </tr>\n",
       "    <tr>\n",
       "      <th>1998-08-05</th>\n",
       "      <td>1.2948</td>\n",
       "      <td>1.3077</td>\n",
       "      <td>1.2769</td>\n",
       "      <td>1.3077</td>\n",
       "      <td>89700.0</td>\n",
       "      <td>NaN</td>\n",
       "      <td>NaN</td>\n",
       "      <td>False</td>\n",
       "      <td>NaN</td>\n",
       "      <td>NaN</td>\n",
       "      <td>NaN</td>\n",
       "      <td>NaN</td>\n",
       "    </tr>\n",
       "  </tbody>\n",
       "</table>\n",
       "</div>"
      ],
      "text/plain": [
       "                 c       h       l       o         v  MA50  MAgap  Uptrend  \\\n",
       "1998-07-30  1.2513  1.2667  1.1744  1.1744  655200.0   NaN    NaN    False   \n",
       "1998-07-31  1.2615  1.3205  1.2410  1.2615  526500.0   NaN    NaN    False   \n",
       "1998-08-03  1.2769  1.2821  1.2308  1.2308  288600.0   NaN    NaN    False   \n",
       "1998-08-04  1.2948  1.3205  1.2769  1.2769  783900.0   NaN    NaN    False   \n",
       "1998-08-05  1.2948  1.3077  1.2769  1.3077   89700.0   NaN    NaN    False   \n",
       "\n",
       "            L14  H14  %K  %D  \n",
       "1998-07-30  NaN  NaN NaN NaN  \n",
       "1998-07-31  NaN  NaN NaN NaN  \n",
       "1998-08-03  NaN  NaN NaN NaN  \n",
       "1998-08-04  NaN  NaN NaN NaN  \n",
       "1998-08-05  NaN  NaN NaN NaN  "
      ]
     },
     "execution_count": 24,
     "metadata": {},
     "output_type": "execute_result"
    }
   ],
   "source": [
    "df.head(5)"
   ]
  },
  {
   "cell_type": "code",
   "execution_count": 25,
   "metadata": {},
   "outputs": [
    {
     "data": {
      "text/html": [
       "<div>\n",
       "<style scoped>\n",
       "    .dataframe tbody tr th:only-of-type {\n",
       "        vertical-align: middle;\n",
       "    }\n",
       "\n",
       "    .dataframe tbody tr th {\n",
       "        vertical-align: top;\n",
       "    }\n",
       "\n",
       "    .dataframe thead th {\n",
       "        text-align: right;\n",
       "    }\n",
       "</style>\n",
       "<table border=\"1\" class=\"dataframe\">\n",
       "  <thead>\n",
       "    <tr style=\"text-align: right;\">\n",
       "      <th></th>\n",
